N = 2: 3.897373501711664
N = 3: 5.718098643463344
N = 5: 9.685243052045588